MIDI to text converter by Dominic Bodman
==============CONCISE MODE==============
Song data: Note count | Duration | Tempo change count
Tempo data: BPM | Start time | End time
Channel data: Channel 1 instrument | Channel 2 instrument | ... | Channel 16 instrument (Note: -1 indicates an unused channel)
Note data: Start Time | Channel | Key | Velocity | Duration
========================================
DATA BEGIN
1568|00:01:01|1
112.0072|0|61067
81|17|0|39|81|-1|-1|-1|52|16|-1|-1|-1|122|119|18
0|9|37|100|535
0|9|42|100|535
535|9|37|100|536
535|9|42|100|536
1071|9|37|100|536
1071|9|42|100|536
2142|1|72|100|134
2142|9|42|100|536
2142|15|60|100|134
2276|1|72|100|134
2544|1|72|100|134
2544|15|60|100|134
2678|1|72|100|134
2678|9|42|100|536
2812|1|72|100|134
2946|15|60|100|134
3080|1|72|100|134
3214|1|72|100|134
3214|9|42|100|535
3348|1|72|100|133
3615|1|72|100|134
3749|9|42|100|536
3749|1|72|100|134
3883|1|72|100|134
4151|1|72|100|134
4285|9|42|100|536
4285|2|24|100|268
4285|1|72|100|134
4285|0|36|100|268
4419|1|72|100|134
4553|0|43|100|268
4553|2|31|100|268
4687|1|72|100|134
4821|15|60|100|134
4821|15|48|100|134
4821|2|30|100|267
4821|0|42|100|267
4821|1|72|100|134
4821|9|42|100|535
4955|15|60|100|133
4955|1|72|100|133
4955|15|48|100|133
5088|2|31|100|268
5088|15|60|100|134
5088|0|43|100|268
5088|15|48|100|134
5222|1|72|100|134
5356|0|36|100|268
5356|1|72|100|134
5356|9|42|100|536
5356|2|24|100|268
5490|1|72|100|134
5624|2|31|100|268
5624|0|43|100|268
5758|1|72|100|134
5892|15|48|100|134
5892|15|60|100|134
5892|9|42|100|536
5892|0|42|100|268
5892|2|30|100|268
5892|1|72|100|134
6026|1|72|100|134
6026|15|60|100|134
6026|15|48|100|134
6160|15|48|100|134
6160|0|43|100|268
6160|2|31|100|268
6160|15|60|100|134
6294|1|72|100|134
6428|1|72|100|134
6428|0|36|100|268
6428|2|24|100|268
6428|9|42|100|535
6562|1|72|100|134
6696|9|30|100|133
6696|2|31|100|267
6696|0|43|100|267
6829|1|72|100|134
6829|9|30|100|134
6963|9|42|100|536
6963|0|42|100|268
6963|1|72|100|134
6963|2|30|100|268
7097|1|72|100|134
7231|9|30|100|134
7231|0|43|100|268
7231|2|31|100|268
7365|9|30|100|134
7365|1|72|100|134
7499|1|72|100|134
7499|0|46|100|134
7499|9|46|100|268
7499|9|35|100|268
7499|9|36|100|268
7499|2|34|100|134
7633|1|72|100|134
7767|9|46|100|268
7767|0|46|100|134
7767|2|34|100|134
7767|9|35|100|268
7767|15|60|100|134
7767|15|48|100|134
7767|9|36|100|268
7901|1|72|100|134
8035|1|72|100|134
8035|15|60|100|134
8035|15|48|100|134
8169|1|72|100|134
8303|15|60|100|133
8303|15|48|100|133
8436|1|72|100|134
8570|1|72|100|134
8570|9|42|100|536
8570|3|24|100|268
8570|4|36|100|268
8570|2|24|100|268
8570|0|36|100|268
8704|1|72|100|134
8838|4|43|100|268
8838|0|43|100|268
8838|3|31|100|268
8838|2|31|100|268
8972|1|72|100|134
9106|2|30|100|268
9106|3|30|100|268
9106|4|42|100|268
9106|0|42|100|268
9106|15|60|100|134
9106|9|42|100|536
9106|15|48|100|134
9106|1|72|100|134
9240|15|48|100|134
9240|15|60|100|134
9240|1|72|100|134
9374|15|60|100|134
9374|15|48|100|134
9374|2|31|100|268
9374|4|43|100|268
9374|3|31|100|268
9374|0|43|100|268
9508|1|72|100|134
9642|0|36|100|268
9642|2|24|100|268
9642|1|72|100|134
9642|3|24|100|268
9642|9|42|100|535
9642|4|36|100|268
9776|1|72|100|134
9910|2|31|100|267
9910|4|43|100|267
9910|3|31|100|267
9910|0|43|100|267
10044|1|72|100|133
10177|3|30|100|268
10177|2|30|100|268
10177|15|60|100|134
10177|4|42|100|268
10177|1|72|100|134
10177|9|42|100|536
10177|0|42|100|268
10177|15|48|100|134
10311|1|72|100|134
10311|15|60|100|134
10311|15|48|100|134
10445|15|60|100|134
10445|4|43|100|268
10445|15|48|100|134
10445|2|31|100|268
10445|3|31|100|268
10445|0|43|100|268
10579|1|72|100|134
10713|2|24|100|268
10713|1|72|100|134
10713|0|36|100|268
10713|4|36|100|268
10713|3|24|100|268
10713|9|35|100|536
10847|1|72|100|134
10981|3|31|100|268
10981|2|31|100|268
10981|9|44|100|268
10981|9|42|100|268
10981|9|30|100|134
10981|0|43|100|268
10981|4|43|100|268
11115|1|72|100|134
11115|9|30|100|134
11249|4|42|100|268
11249|1|72|100|134
11249|2|30|100|268
11249|0|42|100|268
11249|3|30|100|268
11249|9|38|100|268
11383|1|72|100|134
11517|0|43|100|267
11517|2|31|100|267
11517|3|31|100|267
11517|4|43|100|267
11517|9|44|100|267
11517|9|30|100|134
11651|1|72|100|133
11651|9|30|100|133
11695|9|35|64|89
11784|4|46|100|134
11784|3|34|100|134
11784|0|46|100|134
11784|2|34|100|134
11784|9|35|100|268
11784|1|72|100|134
11784|9|46|100|268
11918|1|72|100|134
11963|9|42|100|89
12052|15|48|100|134
12052|0|46|100|134
12052|15|60|100|134
12052|3|34|100|134
12052|4|46|100|134
12052|2|34|100|134
12052|9|46|100|268
12052|9|35|100|268
12186|1|72|100|134
12320|15|60|100|134
12320|1|72|100|134
12320|15|48|100|134
12454|1|72|100|134
12588|15|60|100|134
12588|15|48|100|134
12722|1|72|100|134
12856|4|36|100|268
12856|3|24|100|268
12856|0|36|100|268
12856|2|24|100|268
12856|9|35|100|268
12856|9|42|100|268
12856|1|72|100|134
12856|15|60|100|268
12990|1|72|100|134
13124|3|31|100|268
13124|9|42|100|134
13124|2|31|100|268
13124|0|43|100|268
13124|4|43|100|268
13124|15|67|100|268
13258|1|72|100|134
13258|9|42|100|134
13392|9|38|100|267
13392|3|30|100|267
13392|4|42|100|267
13392|9|46|100|267
13392|2|30|100|267
13392|1|72|100|133
13392|15|66|100|267
13392|9|42|100|267
13392|0|42|100|267
13525|1|72|100|134
13659|3|31|100|268
13659|0|43|100|268
13659|2|31|100|268
13659|9|42|100|134
13659|4|43|100|268
13793|9|42|100|134
13793|1|72|100|134
13838|9|35|64|89
13927|15|60|100|134
13927|1|72|100|134
13927|9|35|100|268
13927|2|24|100|268
13927|9|42|100|268
13927|4|36|100|268
13927|0|36|100|268
13927|3|24|100|268
14061|1|72|100|134
14061|15|60|100|134
14195|4|43|100|268
14195|15|67|100|268
14195|9|42|100|134
14195|9|35|100|268
14195|2|31|100|268
14195|3|31|100|268
14195|0|43|100|268
14329|9|42|100|134
14329|1|72|100|134
14463|3|30|100|268
14463|9|42|100|268
14463|15|66|100|268
14463|9|46|100|268
14463|2|30|100|268
14463|1|72|100|134
14463|4|42|100|268
14463|0|42|100|268
14463|9|38|100|268
14597|1|72|100|134
14731|3|31|100|268
14731|2|31|100|268
14731|9|42|100|134
14731|9|35|100|268
14731|0|43|100|268
14731|15|67|100|268
14731|4|43|100|268
14865|1|72|100|134
14865|9|42|100|134
14999|0|36|100|267
14999|9|35|100|535
14999|1|72|100|133
14999|2|24|100|267
14999|4|36|100|267
14999|15|48|100|133
14999|15|60|100|133
14999|3|24|100|267
15132|15|60|100|134
15132|15|48|100|134
15132|1|72|100|134
15266|2|31|100|268
15266|0|43|100|268
15266|9|30|100|134
15266|15|55|100|268
15266|9|44|100|268
15266|9|42|100|268
15266|4|43|100|268
15266|15|67|100|268
15266|3|31|100|268
15400|9|30|100|134
15400|1|72|100|134
15534|2|30|100|268
15534|15|66|100|268
15534|9|46|100|268
15534|4|42|100|268
15534|9|38|100|268
15534|1|72|100|134
15534|3|30|100|268
15534|0|42|100|268
15534|15|54|100|268
15668|1|72|100|134
15802|15|55|100|268
15802|9|30|100|134
15802|15|67|100|268
15802|3|31|100|268
15802|0|43|100|268
15802|2|31|100|268
15802|9|44|100|268
15802|4|43|100|268
15936|9|30|100|134
15936|1|72|100|134
15981|9|35|64|89
16070|4|46|100|134
16070|0|46|100|134
16070|9|35|100|268
16070|1|72|100|134
16070|3|34|100|134
16070|9|46|100|268
16070|15|58|100|134
16070|2|34|100|134
16070|15|70|100|134
16204|1|72|100|134
16248|9|42|100|90
16338|9|46|100|268
16338|15|58|100|134
16338|3|34|100|134
16338|15|70|100|134
16338|4|46|100|134
16338|9|35|100|268
16338|2|34|100|134
16338|0|46|100|134
16472|1|72|100|134
16606|1|72|100|134
16740|1|72|100|133
17007|1|72|100|134
17141|9|42|100|268
17141|1|72|100|134
17141|9|35|100|268
17141|4|36|100|268
17141|15|60|100|268
17141|3|24|100|268
17141|2|24|100|268
17141|0|36|100|268
17275|1|72|100|134
17409|3|31|100|268
17409|4|43|100|268
17409|0|43|100|268
17409|9|42|100|134
17409|2|31|100|268
17409|15|67|100|268
17543|1|72|100|134
17543|9|42|100|134
17677|2|30|100|268
17677|1|72|100|134
17677|0|42|100|268
17677|9|46|100|268
17677|9|42|100|268
17677|15|66|100|268
17677|3|30|100|268
17677|4|42|100|268
17677|9|38|100|268
17811|1|72|100|134
17945|4|43|100|268
17945|0|43|100|268
17945|3|31|100|268
17945|9|42|100|134
17945|2|31|100|268
18079|9|42|100|134
18079|1|72|100|134
18123|9|35|64|90
18213|3|24|100|267
18213|15|60|100|134
18213|9|42|100|267
18213|2|24|100|267
18213|0|36|100|267
18213|9|35|100|267
18213|4|36|100|267
18213|1|72|100|134
18347|1|72|100|133
18347|15|60|100|133
18480|9|42|100|134
18480|0|43|100|268
18480|9|35|100|268
18480|15|67|100|268
18480|3|31|100|268
18480|4|43|100|268
18480|2|31|100|268
18614|1|72|100|134
18614|9|42|100|134
18748|0|42|100|268
18748|2|30|100|268
18748|15|66|100|268
18748|9|38|100|268
18748|4|42|100|268
18748|3|30|100|268
18748|9|46|100|268
18748|1|72|100|134
18748|9|42|100|268
18882|1|72|100|134
19016|3|31|100|268
19016|9|35|100|268
19016|9|42|100|134
19016|2|31|100|268
19016|4|43|100|268
19016|0|43|100|268
19016|15|67|100|268
19150|9|42|100|134
19150|1|72|100|134
19284|15|60|100|134
19284|15|48|100|134
19284|2|24|100|268
19284|0|36|100|268
19284|3|24|100|268
19284|4|36|100|268
19284|9|35|100|536
19284|1|72|100|134
19418|15|48|100|134
19418|15|60|100|134
19418|1|72|100|134
19552|3|31|100|268
19552|4|43|100|268
19552|15|67|100|268
19552|9|44|100|268
19552|9|42|100|268
19552|0|43|100|268
19552|2|31|100|268
19552|15|55|100|268
19552|9|30|100|134
19686|1|72|100|134
19686|9|30|100|134
19820|2|30|100|268
19820|4|42|100|268
19820|1|72|100|134
19820|0|42|100|268
19820|9|38|100|268
19820|9|46|100|268
19820|3|30|100|268
19820|15|66|100|268
19820|15|54|100|268
19954|1|72|100|134
20088|15|55|100|267
20088|9|44|100|267
20088|15|67|100|267
20088|4|43|100|267
20088|2|31|100|267
20088|3|31|100|267
20088|0|43|100|267
20088|9|30|100|133
20221|9|30|100|134
20221|1|72|100|134
20266|9|35|65|89
20355|0|46|100|134
20355|1|72|100|134
20355|2|34|100|134
20355|15|70|100|134
20355|9|35|100|268
20355|9|46|100|268
20355|4|46|100|134
20355|15|58|100|134
20355|3|34|100|134
20489|1|72|100|134
20534|9|42|100|89
20623|3|34|100|134
20623|2|34|100|134
20623|15|70|100|134
20623|15|58|100|134
20623|0|46|100|134
20623|4|46|100|134
20623|9|46|100|268
20623|9|35|100|268
20757|1|72|100|134
20891|1|72|100|134
21025|1|72|100|134
21293|1|72|100|134
21427|0|31|100|2142
21427|0|43|100|2142
21427|8|74|100|2142
21427|8|67|100|2142
21427|3|31|100|2142
21427|1|74|100|2142
21427|1|71|100|2142
21427|15|67|111|1339
21427|13|62|100|2142
21427|9|35|96|535
21427|1|67|100|2142
21427|8|71|100|2142
21427|3|43|100|2142
21427|2|31|100|2142
21427|4|31|100|2142
21427|4|43|100|2142
21695|9|44|96|133
21828|9|44|96|134
21962|9|38|96|179
21962|9|46|96|179
21962|9|37|96|179
22230|9|44|96|134
22230|9|36|96|179
22364|9|44|96|134
22409|9|35|96|89
22632|9|35|96|134
22766|15|69|111|446
22766|9|44|96|134
22766|9|36|96|134
22900|9|44|96|134
23034|9|37|96|134
23034|9|38|96|134
23034|9|46|96|134
23168|9|35|96|134
23212|15|71|111|357
23302|9|44|96|134
23436|9|44|96|133
23569|1|69|100|2143
23569|1|72|100|2143
23569|0|45|100|2143
23569|13|62|100|2143
23569|1|76|100|2143
23569|8|76|100|2143
23569|3|45|100|2143
23569|8|72|100|2143
23569|8|69|100|2143
23569|4|33|100|2143
23569|3|33|100|2143
23569|2|33|100|2143
23569|4|45|100|2143
23569|0|33|100|2143
23569|15|74|111|447
23569|9|35|96|536
23837|9|44|96|134
23971|9|44|96|134
24016|15|72|111|357
24105|9|46|96|179
24105|9|38|96|179
24105|9|37|96|179
24373|9|44|96|134
24373|9|36|96|179
24373|15|71|111|268
24507|9|44|96|134
24552|9|35|96|89
24641|15|72|111|535
24775|9|35|96|134
24909|9|44|96|134
24909|9|36|96|134
25043|9|44|96|133
25176|15|69|111|536
25176|9|46|96|134
25176|9|38|96|134
25176|9|37|96|134
25310|9|35|96|134
25444|9|44|96|134
25578|9|44|96|134
25712|2|29|100|2143
25712|3|41|100|2143
25712|8|69|100|2143
25712|3|29|100|2143
25712|0|41|100|2143
25712|9|35|96|536
25712|13|62|100|2143
25712|4|41|100|2143
25712|8|72|100|2143
25712|0|29|100|2143
25712|8|65|100|2143
25712|15|72|111|1339
25712|4|29|100|2143
25712|1|77|100|2143
25712|1|69|100|2143
25712|1|72|100|2143
25980|9|44|96|134
26114|9|44|96|134
26248|9|38|96|178
26248|9|37|96|178
26248|9|46|96|178
26516|9|36|96|178
26516|9|44|96|134
26650|9|44|96|134
26694|9|35|96|90
26917|9|35|96|134
27051|9|44|96|134
27051|15|71|111|447
27051|9|36|96|134
27185|9|44|96|134
27319|9|46|96|134
27319|9|37|96|134
27319|9|38|96|134
27453|9|35|96|134
27498|15|72|111|357
27587|9|44|96|134
27721|9|44|96|134
27855|1|69|100|1071
27855|1|74|100|1071
27855|8|74|100|1071
27855|8|69|100|1071
27855|8|66|100|1071
27855|9|35|96|536
27855|15|74|111|446
27855|4|42|100|1071
27855|1|78|100|1071
27855|4|30|100|1071
27855|3|30|100|1071
27855|3|42|100|1071
27855|2|30|100|1071
27855|0|42|100|1071
27855|0|30|100|1071
27855|13|62|100|1071
28123|9|44|96|134
28257|9|44|96|134
28301|15|72|111|357
28391|9|38|96|133
28391|9|37|96|133
28391|9|46|96|133
28658|9|44|96|134
28658|15|71|111|268
28792|9|35|96|134
28926|13|62|100|4375
28926|9|57|96|179
28926|9|36|96|134
28926|9|49|96|179
28926|9|35|96|134
28926|3|43|100|536
28926|15|79|111|268
28926|3|31|100|536
28926|15|62|111|268
28926|15|74|111|268
28926|2|31|100|536
29998|4|36|100|267
29998|15|60|100|267
29998|0|36|100|267
29998|3|24|100|267
29998|1|72|100|134
29998|9|35|100|267
29998|2|24|100|267
29998|9|42|100|267
30132|1|72|100|133
30265|4|43|100|268
30265|0|43|100|268
30265|15|67|100|268
30265|3|31|100|268
30265|2|31|100|268
30265|9|42|100|134
30399|9|42|100|134
30399|1|72|100|134
30533|1|72|100|134
30533|15|66|100|268
30533|3|30|100|268
30533|9|42|100|268
30533|9|38|100|268
30533|9|46|100|268
30533|2|30|100|268
30533|4|42|100|268
30533|0|42|100|268
30667|1|72|100|134
30801|2|31|100|268
30801|3|31|100|268
30801|0|43|100|268
30801|4|43|100|268
30801|9|42|100|134
30935|1|72|100|134
30935|9|42|100|134
30980|9|35|64|89
31069|0|36|100|268
31069|15|60|100|134
31069|4|36|100|268
31069|2|24|100|268
31069|9|42|100|268
31069|3|24|100|268
31069|1|72|100|134
31069|9|35|100|268
31203|15|60|100|134
31203|1|72|100|134
31337|9|42|100|134
31337|15|67|100|268
31337|4|43|100|268
31337|0|43|100|268
31337|3|31|100|268
31337|2|31|100|268
31337|9|35|100|268
31471|1|72|100|134
31471|9|42|100|134
31605|1|72|100|134
31605|0|42|100|267
31605|15|66|100|267
31605|4|42|100|267
31605|9|42|100|267
31605|9|38|100|267
31605|3|30|100|267
31605|9|46|100|267
31605|2|30|100|267
31739|1|72|100|133
31872|3|31|100|268
31872|9|42|100|134
31872|4|43|100|268
31872|9|35|100|268
31872|2|31|100|268
31872|15|67|100|268
31872|0|43|100|268
32006|1|72|100|134
32006|9|42|100|134
32140|2|24|100|268
32140|3|24|100|268
32140|1|72|100|134
32140|4|36|100|268
32140|0|36|100|268
32140|9|35|100|536
32140|15|60|100|134
32140|15|48|100|134
32274|15|48|100|134
32274|15|60|100|134
32274|1|72|100|134
32408|9|30|100|134
32408|4|43|100|268
32408|3|31|100|268
32408|0|43|100|268
32408|9|42|100|268
32408|2|31|100|268
32408|9|44|100|268
32408|15|67|100|268
32408|15|55|100|268
32542|9|30|100|134
32542|1|72|100|134
32676|4|42|100|268
32676|9|46|100|268
32676|15|66|100|268
32676|15|54|100|268
32676|1|72|100|134
32676|2|30|100|268
32676|3|30|100|268
32676|0|42|100|268
32676|9|38|100|268
32810|1|72|100|134
32944|15|55|100|268
32944|15|67|100|268
32944|9|30|100|134
32944|3|31|100|268
32944|2|31|100|268
32944|4|43|100|268
32944|0|43|100|268
32944|9|44|100|268
33078|9|30|100|134
33078|1|72|100|134
33122|9|35|64|90
33212|2|34|100|134
33212|4|46|100|134
33212|1|72|100|134
33212|9|46|100|268
33212|0|46|100|134
33212|15|58|100|134
33212|3|34|100|134
33212|15|70|100|134
33212|9|35|100|268
33346|1|72|100|134
33390|9|42|100|90
33480|0|46|100|133
33480|4|46|100|133
33480|15|70|100|133
33480|15|58|100|133
33480|9|46|100|267
33480|9|35|100|267
33480|2|34|100|133
33480|3|34|100|133
33613|1|72|100|134
33747|1|72|100|134
33881|1|72|100|134
34149|1|72|100|134
34283|1|72|100|134
34283|3|24|100|268
34283|0|36|100|268
34283|9|35|100|268
34283|2|24|100|268
34283|9|42|100|268
34283|15|60|100|268
34283|4|36|100|268
34417|1|72|100|134
34551|2|31|100|268
34551|4|43|100|268
34551|9|42|100|134
34551|3|31|100|268
34551|0|43|100|268
34551|15|67|100|268
34685|9|42|100|134
34685|1|72|100|134
34819|9|46|100|268
34819|1|72|100|134
34819|15|66|100|268
34819|9|38|100|268
34819|4|42|100|268
34819|2|30|100|268
34819|3|30|100|268
34819|0|42|100|268
34819|9|42|100|268
34953|1|72|100|134
35087|9|42|100|133
35087|2|31|100|267
35087|3|31|100|267
35087|0|43|100|267
35087|4|43|100|267
35220|1|72|100|134
35220|9|42|100|134
35265|9|35|64|89
35354|2|24|100|268
35354|15|60|100|134
35354|9|35|100|268
35354|0|36|100|268
35354|3|24|100|268
35354|4|36|100|268
35354|1|72|100|134
35354|9|42|100|268
35488|1|72|100|134
35488|15|60|100|134
35622|0|43|100|268
35622|9|42|100|134
35622|15|67|100|268
35622|2|31|100|268
35622|9|35|100|268
35622|3|31|100|268
35622|4|43|100|268
35756|9|42|100|134
35756|1|72|100|134
35890|15|66|100|268
35890|9|42|100|268
35890|9|46|100|268
35890|0|42|100|268
35890|2|30|100|268
35890|1|72|100|134
35890|3|30|100|268
35890|4|42|100|268
35890|9|38|100|268
36024|1|72|100|134
36158|3|31|100|268
36158|9|42|100|134
36158|2|31|100|268
36158|4|43|100|268
36158|0|43|100|268
36158|15|67|100|268
36158|9|35|100|268
36292|1|72|100|134
36292|9|42|100|134
36426|4|36|100|268
36426|1|72|100|134
36426|9|35|100|535
36426|0|36|100|268
36426|2|24|100|268
36426|3|24|100|268
36426|15|48|100|134
36426|15|60|100|134
36560|1|72|100|134
36560|15|48|100|134
36560|15|60|100|134
36694|15|55|100|267
36694|2|31|100|267
36694|0|43|100|267
36694|15|67|100|267
36694|9|30|100|134
36694|9|42|100|267
36694|9|44|100|267
36694|4|43|100|267
36694|3|31|100|267
36828|1|72|100|133
36828|9|30|100|133
36961|9|38|100|268
36961|9|46|100|268
36961|2|30|100|268
36961|1|72|100|134
36961|4|42|100|268
36961|0|42|100|268
36961|15|66|100|268
36961|3|30|100|268
36961|15|54|100|268
37095|1|72|100|134
37229|9|30|100|134
37229|9|44|100|268
37229|15|67|100|268
37229|15|55|100|268
37229|0|43|100|268
37229|2|31|100|268
37229|3|31|100|268
37229|4|43|100|268
37363|1|72|100|134
37363|9|30|100|134
37408|9|35|65|89
37497|15|58|100|134
37497|3|34|100|134
37497|2|34|100|134
37497|1|72|100|134
37497|0|46|100|134
37497|15|70|100|134
37497|4|46|100|134
37497|9|46|100|268
37497|9|35|100|268
37631|1|72|100|134
37676|9|42|100|89
37765|9|46|100|268
37765|15|58|100|134
37765|0|46|100|134
37765|2|34|100|134
37765|4|46|100|134
37765|3|34|100|134
37765|9|35|100|268
37765|15|70|100|134
37899|1|72|100|134
38033|1|72|100|134
38167|1|72|100|134
38301|9|35|100|267
38435|1|72|100|133
38568|1|72|100|134
38568|9|35|100|268
38568|9|49|100|268
38568|13|68|100|2143
38568|9|42|100|268
38702|1|72|100|134
38836|14|62|100|1875
38970|1|72|100|134
39104|9|42|100|268
39104|1|72|100|134
39238|1|72|100|134
39506|1|72|100|134
39640|9|42|100|268
39640|1|72|100|134
39774|1|72|100|134
40042|1|72|100|134
40176|9|42|100|267
40176|1|72|100|133
40309|1|72|100|134
40577|1|72|100|134
40711|3|43|100|2143
40711|3|31|100|2143
40711|1|55|100|2143
40711|1|72|100|134
40711|4|31|100|2143
40711|4|43|100|2143
40711|9|35|100|536
40711|0|43|100|2143
40711|13|68|100|2143
40711|15|67|100|2143
40711|0|31|100|2143
40711|8|43|100|2143
40845|1|72|100|134
40979|9|44|100|134
41113|1|72|100|134
41113|9|44|100|134
41247|1|72|100|134
41247|9|46|100|134
41247|9|40|100|134
41247|9|37|100|134
41381|1|72|100|134
41515|9|36|100|134
41515|9|44|100|134
41649|1|72|100|134
41649|9|44|100|134
41649|9|35|100|134
41783|1|72|100|133
41916|9|35|100|134
41916|1|72|100|134
42050|9|44|100|134
42050|9|36|100|134
42184|9|44|101|134
42184|1|72|100|134
42318|9|46|101|134
42318|9|40|101|134
42318|1|72|100|134
42318|9|37|101|134
42452|1|72|100|134
42452|9|35|101|134
42586|9|44|101|134
42720|9|44|101|134
42720|1|72|100|134
42854|15|68|100|2143
42854|9|35|101|536
42854|13|68|100|2143
42854|8|44|100|2143
42854|3|32|100|2143
42854|3|44|100|2143
42854|4|44|100|2143
42854|1|72|100|134
42854|1|56|100|2143
42854|0|32|100|2143
42854|4|32|100|2143
42854|0|44|100|2143
42988|1|72|100|134
43122|9|44|101|134
43256|1|72|100|134
43256|9|44|101|134
43390|9|40|101|134
43390|1|72|100|134
43390|9|46|101|134
43390|9|37|101|134
43524|1|72|100|133
43657|9|44|101|134
43657|9|36|101|134
43791|1|72|100|134
43791|9|44|101|134
43791|9|35|101|134
43925|1|72|100|134
44059|9|35|101|134
44059|1|72|100|134
44193|9|36|101|134
44193|9|44|101|134
44327|1|72|100|134
44327|9|44|101|134
44461|9|40|101|134
44461|9|46|101|134
44461|9|37|101|134
44461|1|72|100|134
44595|1|72|100|134
44595|9|35|101|134
44729|9|44|101|134
44863|1|72|100|134
44863|9|44|101|134
44997|9|35|101|535
44997|4|45|100|2142
44997|4|33|100|2142
44997|3|33|100|2142
44997|1|72|100|134
44997|1|57|100|1339
44997|8|45|100|1339
44997|0|45|100|2142
44997|3|45|100|2142
44997|13|68|100|2142
44997|0|33|100|2142
44997|15|69|100|1339
45131|1|72|100|133
45264|9|44|101|134
45398|9|44|101|134
45398|1|72|100|134
45532|9|40|101|134
45532|9|46|101|134
45532|9|37|101|134
45532|1|72|100|134
45666|1|72|100|134
45800|9|36|101|134
45800|9|44|101|134
45934|9|44|101|134
45934|9|35|101|134
45934|1|72|100|134
46068|1|72|100|134
46202|9|35|101|134
46202|1|72|100|134
46336|15|71|100|402
46336|1|59|100|402
46336|9|36|101|134
46336|8|47|100|402
46336|9|44|101|134
46470|1|72|100|134
46470|9|44|101|134
46604|9|37|101|134
46604|1|72|100|134
46604|9|40|101|134
46604|9|46|101|134
46738|8|48|100|401
46738|1|60|100|401
46738|1|72|100|134
46738|9|35|101|134
46738|15|72|100|401
46872|9|44|101|133
47005|1|72|100|134
47005|9|44|101|134
47139|1|58|100|1072
47139|3|46|100|1072
47139|3|34|100|1072
47139|13|68|100|1072
47139|15|70|100|1072
47139|9|35|101|536
47139|0|46|100|1072
47139|0|34|100|1072
47139|4|46|100|1072
47139|4|34|100|1072
47139|8|46|100|2143
47407|9|44|101|134
47541|9|44|101|134
47675|9|37|101|134
47675|9|40|101|134
47675|9|46|101|134
47943|9|44|101|134
48077|9|35|101|134
48211|9|36|101|134
48211|15|71|100|134
48211|9|35|101|134
48211|9|49|101|134
48211|9|57|101|134
48300|15|70|100|134
48345|15|69|100|134
48389|15|68|100|134
48434|15|66|100|134
48479|15|65|100|133
48523|15|64|100|134
48568|15|63|100|134
48612|15|62|100|134
48657|15|60|100|134
48702|15|58|100|134
48702|15|59|100|134
48746|15|56|100|134
48791|15|55|100|134
48836|15|54|100|134
48880|15|52|100|134
48925|15|50|100|134
48970|15|49|100|134
49014|15|48|100|134
49059|15|46|100|134
49059|15|44|100|134
49104|15|43|100|133
49193|15|41|100|134
49282|4|36|100|268
49282|9|35|100|268
49282|0|36|100|268
49282|1|72|100|134
49282|3|24|100|268
49282|9|42|100|268
49282|2|24|100|268
49282|15|60|100|268
49416|1|72|100|134
49550|9|42|100|134
49550|15|67|100|268
49550|3|31|100|268
49550|2|31|100|268
49550|4|43|100|268
49550|0|43|100|268
49684|1|72|100|134
49684|9|42|100|134
49818|3|30|100|268
49818|2|30|100|268
49818|4|42|100|268
49818|1|72|100|134
49818|15|66|100|268
49818|0|42|100|268
49818|9|38|100|268
49818|9|46|100|268
49818|9|42|100|268
49952|1|72|100|134
50086|0|43|100|267
50086|4|43|100|267
50086|3|31|100|267
50086|9|42|100|134
50086|2|31|100|267
50220|1|72|100|133
50220|9|42|100|133
50264|9|35|64|89
50353|9|35|100|268
50353|9|42|100|268
50353|3|24|100|268
50353|4|36|100|268
50353|0|36|100|268
50353|15|60|100|134
50353|2|24|100|268
50353|1|72|100|134
50487|1|72|100|134
50487|15|60|100|134
50621|4|43|100|268
50621|9|42|100|134
50621|9|35|100|268
50621|15|67|100|268
50621|3|31|100|268
50621|2|31|100|268
50621|0|43|100|268
50755|1|72|100|134
50755|9|42|100|134
50889|3|30|100|268
50889|9|38|100|268
50889|0|42|100|268
50889|15|66|100|268
50889|2|30|100|268
50889|9|46|100|268
50889|4|42|100|268
50889|1|72|100|134
50889|9|42|100|268
51023|1|72|100|134
51157|9|42|100|134
51157|9|35|100|268
51157|4|43|100|268
51157|3|31|100|268
51157|0|43|100|268
51157|2|31|100|268
51157|15|67|100|268
51291|9|42|100|134
51291|1|72|100|134
51425|15|48|100|134
51425|4|36|100|268
51425|3|24|100|268
51425|1|72|100|134
51425|0|36|100|268
51425|2|24|100|268
51425|15|60|100|134
51425|9|35|100|535
51559|15|48|100|134
51559|1|72|100|134
51559|15|60|100|134
51693|2|31|100|267
51693|9|42|100|267
51693|9|44|100|267
51693|0|43|100|267
51693|9|30|100|134
51693|15|67|100|267
51693|15|55|100|267
51693|4|43|100|267
51693|3|31|100|267
51827|1|72|100|133
51827|9|30|100|133
51960|9|46|100|268
51960|9|38|100|268
51960|1|72|100|134
51960|4|42|100|268
51960|15|54|100|268
51960|2|30|100|268
51960|0|42|100|268
51960|3|30|100|268
51960|15|66|100|268
52094|1|72|100|134
52228|9|30|100|134
52228|15|55|100|268
52228|0|43|100|268
52228|15|67|100|268
52228|2|31|100|268
52228|4|43|100|268
52228|3|31|100|268
52228|9|44|100|268
52362|9|30|100|134
52362|1|72|100|134
52407|9|35|64|89
52496|1|72|100|134
52496|0|46|100|134
52496|2|34|100|134
52496|3|34|100|134
52496|15|58|100|134
52496|9|46|100|268
52496|15|70|100|134
52496|4|46|100|134
52496|9|35|100|268
52630|1|72|100|134
52675|9|42|100|89
52764|4|46|100|134
52764|2|34|100|134
52764|9|35|100|268
52764|9|46|100|268
52764|0|46|100|134
52764|3|34|100|134
52764|15|58|100|134
52764|15|70|100|134
52898|1|72|100|134
53032|1|72|100|134
53166|1|72|100|134
53434|1|72|100|134
53568|9|35|100|267
53568|9|42|100|267
53568|3|24|100|267
53568|1|84|100|267
53568|15|60|100|267
53568|2|24|100|267
53568|4|36|100|267
53568|0|36|100|267
53568|1|72|100|133
53568|8|72|100|267
53701|1|72|100|134
53835|8|67|100|268
53835|3|31|100|268
53835|4|43|100|268
53835|2|31|100|268
53835|1|79|100|268
53835|15|67|100|268
53835|0|43|100|268
53835|9|42|100|134
53969|1|72|100|134
53969|9|42|100|134
54103|2|30|100|268
54103|8|72|100|268
54103|0|42|100|268
54103|3|30|100|268
54103|9|38|100|268
54103|9|46|100|268
54103|9|42|100|268
54103|4|42|100|268
54103|15|66|100|268
54103|1|78|100|268
54103|1|72|100|134
54237|1|72|100|134
54371|0|43|100|268
54371|1|79|100|268
54371|8|67|100|268
54371|9|42|100|134
54371|3|31|100|268
54371|4|43|100|268
54371|2|31|100|268
54505|9|42|100|134
54505|1|72|100|134
54550|9|35|64|89
54639|8|72|100|268
54639|9|42|100|268
54639|3|24|100|268
54639|15|60|100|134
54639|4|36|100|268
54639|1|72|100|134
54639|2|24|100|268
54639|1|84|100|268
54639|0|36|100|268
54639|9|35|100|268
54773|15|60|100|134
54773|1|72|100|134
54907|8|67|100|268
54907|3|31|100|268
54907|15|67|100|268
54907|1|79|100|268
54907|9|35|100|268
54907|4|43|100|268
54907|2|31|100|268
54907|9|42|100|134
54907|0|43|100|268
55041|1|72|100|134
55041|9|42|100|134
55175|4|42|100|267
55175|15|66|100|267
55175|1|72|100|133
55175|1|78|100|267
55175|2|30|100|267
55175|9|42|100|267
55175|8|72|100|267
55175|9|38|100|267
55175|9|46|100|267
55175|3|30|100|267
55175|0|42|100|267
55308|1|72|100|134
55442|2|31|100|268
55442|1|79|100|268
55442|4|43|100|268
55442|3|31|100|268
55442|9|35|100|268
55442|8|67|100|268
55442|15|67|100|268
55442|0|43|100|268
55442|9|42|100|134
55576|9|42|100|134
55576|1|72|100|134
55710|15|60|100|134
55710|15|48|100|134
55710|9|35|100|536
55710|8|72|100|268
55710|1|84|100|268
55710|0|36|100|268
55710|2|24|100|268
55710|4|36|100|268
55710|3|24|100|268
55710|1|72|100|134
55844|15|48|100|134
55844|15|60|100|134
55844|1|72|100|134
55978|1|79|100|268
55978|8|67|100|268
55978|9|44|100|268
55978|9|30|100|134
55978|9|42|100|268
55978|15|67|100|268
55978|3|31|100|268
55978|15|55|100|268
55978|4|43|100|268
55978|2|31|100|268
55978|0|43|100|268
56112|1|72|100|134
56112|9|30|100|134
56246|15|66|100|268
56246|15|54|100|268
56246|2|30|100|268
56246|0|42|100|268
56246|8|72|100|268
56246|4|42|100|268
56246|9|38|100|268
56246|1|72|100|134
56246|1|78|100|268
56246|3|30|100|268
56246|9|46|100|268
56380|1|72|100|134
56514|9|30|100|134
56514|9|44|100|268
56514|4|43|100|268
56514|15|67|100|268
56514|15|55|100|268
56514|0|43|100|268
56514|8|67|100|268
56514|1|79|100|268
56514|3|31|100|268
56514|2|31|100|268
56648|9|30|100|134
56648|1|72|100|134
56692|9|35|65|90
56782|9|46|100|267
56782|0|46|100|134
56782|8|72|100|267
56782|9|35|100|267
56782|3|34|100|134
56782|4|46|100|134
56782|2|34|100|134
56782|15|70|100|134
56782|15|58|100|134
56782|1|72|100|134
56782|1|84|100|267
56916|1|72|100|133
56960|9|42|100|89
57049|15|58|100|134
57049|15|70|100|134
57049|3|34|100|134
57049|2|34|100|134
57049|1|79|100|268
57049|0|46|100|134
57049|4|46|100|134
57049|8|67|100|268
57049|9|35|100|268
57049|9|46|100|268
57183|1|72|100|134
57317|1|78|100|268
57317|8|72|100|268
57317|1|72|100|134
57451|1|72|100|134
57585|1|79|100|268
57585|8|67|100|268
57719|1|72|100|134
57853|4|36|100|268
57853|15|60|100|268
57853|8|72|100|268
57853|1|72|100|134
57853|1|84|100|268
57853|9|42|100|268
57853|9|35|100|268
57853|15|72|100|268
57853|3|24|100|268
57853|0|36|100|268
57853|2|24|100|268
57987|1|72|100|134
58121|15|79|100|268
58121|0|43|100|268
58121|8|67|100|268
58121|9|42|100|134
58121|4|43|100|268
58121|3|31|100|268
58121|1|79|100|268
58121|15|67|100|268
58121|2|31|100|268
58255|9|42|100|134
58255|1|72|100|134
58389|8|72|100|267
58389|1|72|100|134
58389|9|42|100|267
58389|3|30|100|267
58389|15|66|100|267
58389|15|78|100|267
58389|9|38|100|267
58389|2|30|100|267
58389|4|42|100|267
58389|0|42|100|267
58389|1|78|100|267
58389|9|46|100|267
58523|1|72|100|133
58656|8|67|100|268
58656|0|43|100|268
58656|2|31|100|268
58656|9|42|100|134
58656|4|43|100|268
58656|1|79|100|268
58656|3|31|100|268
58790|9|42|100|134
58790|1|72|100|134
58835|9|35|64|89
58924|0|36|100|268
58924|1|72|100|134
58924|15|60|100|134
58924|2|24|100|268
58924|4|36|100|268
58924|9|35|100|268
58924|3|24|100|268
58924|1|84|100|268
58924|8|72|100|268
58924|15|72|100|268
58924|9|42|100|268
59058|1|72|100|134
59058|15|60|100|134
59192|3|31|100|268
59192|0|43|100|268
59192|15|79|100|268
59192|4|43|100|268
59192|8|67|100|268
59192|1|79|100|268
59192|9|42|100|134
59192|15|67|100|268
59192|9|35|100|268
59192|2|31|100|268
59326|9|42|100|134
59326|1|72|100|134
59460|1|78|100|268
59460|1|72|100|134
59460|2|30|100|268
59460|0|42|100|268
59460|8|72|100|268
59460|4|42|100|268
59460|3|30|100|268
59460|9|38|100|268
59460|15|66|100|268
59460|15|78|100|268
59460|9|46|100|268
59460|9|42|100|268
59594|1|72|100|134
59728|15|67|100|268
59728|8|67|100|268
59728|2|31|100|268
59728|3|31|100|268
59728|9|35|100|268
59728|1|79|100|268
59728|9|42|100|134
59728|15|79|100|268
59728|4|43|100|268
59728|0|43|100|268
59862|9|42|100|134
59862|1|72|100|134
59996|15|72|100|134
59996|0|36|100|268
59996|15|60|100|134
59996|15|48|100|134
59996|9|35|100|268
59996|9|36|100|268
59996|9|30|100|268
59996|8|60|100|268
59996|3|24|100|268
59996|2|24|100|268
59996|1|72|100|134
59996|1|84|100|268
59996|4|36|100|268
59996|1|79|100|268
60130|15|60|100|134
60130|1|72|100|134
60130|15|72|100|134
60130|15|48|100|134
60264|15|67|100|267
60264|15|55|100|267
60264|15|79|100|267
60264|1|84|100|267
60264|1|72|100|133
60264|2|31|100|267
60264|4|43|100|267
60264|3|24|100|267
60264|9|30|100|267
60264|0|36|100|267
60264|9|35|100|803
60264|8|67|100|267
60264|9|36|100|267
